<!-- html table generated in R 3.4.2 by xtable 1.8-2 package -->
<!-- Tue Jan 16 10:01:21 2018 -->
<table border=1>
<caption align="bottom"> caption </caption>
<tr> <th>  </th> <th> NASA </th> <th> NASA_effort </th> <th> CDT </th> <th> SDT </th> <th> CSCT_U </th> <th> CSCT_I </th> <th> CSCT_low </th> <th> CSCT_high </th> <th> LS_LP </th> <th> LS_HP </th> <th> RMadj </th> <th> Pupil </th> <th> PTA </th> <th> Rspan </th> <th> LDT </th> <th> LM </th> <th> Simon </th> <th> TRT </th> <th> Ext </th> <th> HSPS </th>  </tr>
  <tr> <td align="right"> NASA </td> <td>  1.00  </td> <td>  0.79*** </td> <td>  0.16  </td> <td>  0.05  </td> <td> -0.11  </td> <td> -0.29  </td> <td> -0.14  </td> <td> -0.21  </td> <td> -0.25  </td> <td> -0.15  </td> <td> -0.30  </td> <td> -0.04  </td> <td> -0.12  </td> <td> -0.17  </td> <td>  0.02  </td> <td> -0.17  </td> <td>  0.11  </td> <td>  0.13  </td> <td> -0.12  </td> <td>  0.39**  </td> </tr>
  <tr> <td align="right"> NASA_effort </td> <td>  0.79*** </td> <td>  1.00  </td> <td>  0.07  </td> <td> -0.01  </td> <td> -0.12  </td> <td> -0.22  </td> <td> -0.05  </td> <td> -0.20  </td> <td> -0.24  </td> <td> -0.13  </td> <td> -0.33  </td> <td>  0.05  </td> <td> -0.22  </td> <td> -0.15  </td> <td>  0.02  </td> <td> -0.11  </td> <td>  0.13  </td> <td>  0.16  </td> <td> -0.14  </td> <td>  0.27  </td> </tr>
  <tr> <td align="right"> CDT </td> <td>  0.16  </td> <td>  0.07  </td> <td>  1.00  </td> <td>  0.34  </td> <td> -0.19  </td> <td> -0.39*  </td> <td> -0.38  </td> <td> -0.26  </td> <td> -0.29  </td> <td> -0.21  </td> <td>  0.08  </td> <td>  0.06  </td> <td>  0.02  </td> <td>  0.00  </td> <td>  0.29  </td> <td> -0.15  </td> <td> -0.14  </td> <td>  0.07  </td> <td> -0.05  </td> <td>  0.35  </td> </tr>
  <tr> <td align="right"> SDT </td> <td>  0.05  </td> <td> -0.01  </td> <td>  0.34  </td> <td>  1.00  </td> <td> -0.22  </td> <td> -0.31  </td> <td> -0.24  </td> <td> -0.27  </td> <td> -0.31  </td> <td> -0.41**  </td> <td>  0.08  </td> <td> -0.08  </td> <td>  0.13  </td> <td> -0.24  </td> <td>  0.43**  </td> <td> -0.31  </td> <td> -0.17  </td> <td>  0.27  </td> <td>  0.05  </td> <td>  0.03  </td> </tr>
  <tr> <td align="right"> CSCT_U </td> <td> -0.11  </td> <td> -0.12  </td> <td> -0.19  </td> <td> -0.22  </td> <td>  1.00  </td> <td>  0.53*** </td> <td>  0.64*** </td> <td>  0.88*** </td> <td>  0.51*** </td> <td>  0.52*** </td> <td>  0.17  </td> <td>  0.27  </td> <td> -0.19  </td> <td>  0.48**  </td> <td> -0.21  </td> <td>  0.47*** </td> <td>  0.03  </td> <td> -0.19  </td> <td>  0.02  </td> <td> -0.12  </td> </tr>
  <tr> <td align="right"> CSCT_I </td> <td> -0.29  </td> <td> -0.22  </td> <td> -0.39*  </td> <td> -0.31  </td> <td>  0.53*** </td> <td>  1.00  </td> <td>  0.71*** </td> <td>  0.77*** </td> <td>  0.33  </td> <td>  0.39  </td> <td>  0.23  </td> <td>  0.04  </td> <td> -0.04  </td> <td>  0.36  </td> <td> -0.17  </td> <td>  0.41*  </td> <td> -0.03  </td> <td> -0.14  </td> <td>  0.01  </td> <td> -0.08  </td> </tr>
  <tr> <td align="right"> CSCT_low </td> <td> -0.14  </td> <td> -0.05  </td> <td> -0.38  </td> <td> -0.24  </td> <td>  0.64*** </td> <td>  0.71*** </td> <td>  1.00  </td> <td>  0.56*** </td> <td>  0.33  </td> <td>  0.43*  </td> <td>  0.01  </td> <td>  0.18  </td> <td> -0.10  </td> <td>  0.39*  </td> <td> -0.27  </td> <td>  0.32  </td> <td>  0.04  </td> <td> -0.06  </td> <td>  0.16  </td> <td> -0.15  </td> </tr>
  <tr> <td align="right"> CSCT_high </td> <td> -0.21  </td> <td> -0.20  </td> <td> -0.26  </td> <td> -0.27  </td> <td>  0.88*** </td> <td>  0.77*** </td> <td>  0.56*** </td> <td>  1.00  </td> <td>  0.50*** </td> <td>  0.49*** </td> <td>  0.28  </td> <td>  0.19  </td> <td> -0.12  </td> <td>  0.47**  </td> <td> -0.15  </td> <td>  0.51*** </td> <td> -0.02  </td> <td> -0.22  </td> <td> -0.05  </td> <td> -0.07  </td> </tr>
  <tr> <td align="right"> LS_LP </td> <td> -0.25  </td> <td> -0.24  </td> <td> -0.29  </td> <td> -0.31  </td> <td>  0.51*** </td> <td>  0.33  </td> <td>  0.33  </td> <td>  0.50*** </td> <td>  1.00  </td> <td>  0.74*** </td> <td>  0.30  </td> <td>  0.09  </td> <td>  0.01  </td> <td>  0.60*** </td> <td> -0.13  </td> <td>  0.43**  </td> <td> -0.04  </td> <td> -0.40**  </td> <td>  0.23  </td> <td> -0.17  </td> </tr>
  <tr> <td align="right"> LS_HP </td> <td> -0.15  </td> <td> -0.13  </td> <td> -0.21  </td> <td> -0.41**  </td> <td>  0.52*** </td> <td>  0.39  </td> <td>  0.43*  </td> <td>  0.49*** </td> <td>  0.74*** </td> <td>  1.00  </td> <td>  0.17  </td> <td>  0.14  </td> <td> -0.10  </td> <td>  0.57*** </td> <td> -0.17  </td> <td>  0.45*** </td> <td>  0.04  </td> <td> -0.42**  </td> <td>  0.08  </td> <td> -0.03  </td> </tr>
  <tr> <td align="right"> RMadj </td> <td> -0.30  </td> <td> -0.33  </td> <td>  0.08  </td> <td>  0.08  </td> <td>  0.17  </td> <td>  0.23  </td> <td>  0.01  </td> <td>  0.28  </td> <td>  0.30  </td> <td>  0.17  </td> <td>  1.00  </td> <td>  0.02  </td> <td> -0.01  </td> <td>  0.39*  </td> <td>  0.08  </td> <td>  0.29  </td> <td> -0.12  </td> <td> -0.27  </td> <td>  0.05  </td> <td> -0.17  </td> </tr>
  <tr> <td align="right"> Pupil </td> <td> -0.04  </td> <td>  0.05  </td> <td>  0.06  </td> <td> -0.08  </td> <td>  0.27  </td> <td>  0.04  </td> <td>  0.18  </td> <td>  0.19  </td> <td>  0.09  </td> <td>  0.14  </td> <td>  0.02  </td> <td>  1.00  </td> <td> -0.01  </td> <td>  0.10  </td> <td> -0.05  </td> <td>  0.20  </td> <td> -0.10  </td> <td> -0.12  </td> <td> -0.10  </td> <td>  0.04  </td> </tr>
  <tr> <td align="right"> PTA </td> <td> -0.12  </td> <td> -0.22  </td> <td>  0.02  </td> <td>  0.13  </td> <td> -0.19  </td> <td> -0.04  </td> <td> -0.10  </td> <td> -0.12  </td> <td>  0.01  </td> <td> -0.10  </td> <td> -0.01  </td> <td> -0.01  </td> <td>  1.00  </td> <td> -0.08  </td> <td>  0.09  </td> <td> -0.20  </td> <td> -0.12  </td> <td> -0.10  </td> <td>  0.23  </td> <td> -0.04  </td> </tr>
  <tr> <td align="right"> Rspan </td> <td> -0.17  </td> <td> -0.15  </td> <td>  0.00  </td> <td> -0.24  </td> <td>  0.48**  </td> <td>  0.36  </td> <td>  0.39*  </td> <td>  0.47**  </td> <td>  0.60*** </td> <td>  0.57*** </td> <td>  0.39*  </td> <td>  0.10  </td> <td> -0.08  </td> <td>  1.00  </td> <td> -0.09  </td> <td>  0.53*** </td> <td>  0.02  </td> <td> -0.41**  </td> <td>  0.01  </td> <td> -0.02  </td> </tr>
  <tr> <td align="right"> LDT </td> <td>  0.02  </td> <td>  0.02  </td> <td>  0.29  </td> <td>  0.43**  </td> <td> -0.21  </td> <td> -0.17  </td> <td> -0.27  </td> <td> -0.15  </td> <td> -0.13  </td> <td> -0.17  </td> <td>  0.08  </td> <td> -0.05  </td> <td>  0.09  </td> <td> -0.09  </td> <td>  1.00  </td> <td> -0.29  </td> <td> -0.34  </td> <td>  0.11  </td> <td> -0.11  </td> <td>  0.08  </td> </tr>
  <tr> <td align="right"> LM </td> <td> -0.17  </td> <td> -0.11  </td> <td> -0.15  </td> <td> -0.31  </td> <td>  0.47*** </td> <td>  0.41*  </td> <td>  0.32  </td> <td>  0.51*** </td> <td>  0.43**  </td> <td>  0.45*** </td> <td>  0.29  </td> <td>  0.20  </td> <td> -0.20  </td> <td>  0.53*** </td> <td> -0.29  </td> <td>  1.00  </td> <td>  0.03  </td> <td> -0.26  </td> <td>  0.04  </td> <td>  0.05  </td> </tr>
  <tr> <td align="right"> Simon </td> <td>  0.11  </td> <td>  0.13  </td> <td> -0.14  </td> <td> -0.17  </td> <td>  0.03  </td> <td> -0.03  </td> <td>  0.04  </td> <td> -0.02  </td> <td> -0.04  </td> <td>  0.04  </td> <td> -0.12  </td> <td> -0.10  </td> <td> -0.12  </td> <td>  0.02  </td> <td> -0.34  </td> <td>  0.03  </td> <td>  1.00  </td> <td> -0.01  </td> <td> -0.21  </td> <td>  0.03  </td> </tr>
  <tr> <td align="right"> TRT </td> <td>  0.13  </td> <td>  0.16  </td> <td>  0.07  </td> <td>  0.27  </td> <td> -0.19  </td> <td> -0.14  </td> <td> -0.06  </td> <td> -0.22  </td> <td> -0.40**  </td> <td> -0.42**  </td> <td> -0.27  </td> <td> -0.12  </td> <td> -0.10  </td> <td> -0.41**  </td> <td>  0.11  </td> <td> -0.26  </td> <td> -0.01  </td> <td>  1.00  </td> <td> -0.07  </td> <td>  0.19  </td> </tr>
  <tr> <td align="right"> Ext </td> <td> -0.12  </td> <td> -0.14  </td> <td> -0.05  </td> <td>  0.05  </td> <td>  0.02  </td> <td>  0.01  </td> <td>  0.16  </td> <td> -0.05  </td> <td>  0.23  </td> <td>  0.08  </td> <td>  0.05  </td> <td> -0.10  </td> <td>  0.23  </td> <td>  0.01  </td> <td> -0.11  </td> <td>  0.04  </td> <td> -0.21  </td> <td> -0.07  </td> <td>  1.00  </td> <td> -0.33  </td> </tr>
  <tr> <td align="right"> HSPS </td> <td>  0.39**  </td> <td>  0.27  </td> <td>  0.35  </td> <td>  0.03  </td> <td> -0.12  </td> <td> -0.08  </td> <td> -0.15  </td> <td> -0.07  </td> <td> -0.17  </td> <td> -0.03  </td> <td> -0.17  </td> <td>  0.04  </td> <td> -0.04  </td> <td> -0.02  </td> <td>  0.08  </td> <td>  0.05  </td> <td>  0.03  </td> <td>  0.19  </td> <td> -0.33  </td> <td>  1.00  </td> </tr>
   </table>
